﻿时间长度,UV_Total(M),PV_Total(M),UV_🔺(M),PV_🔺(M),UV_by_month(M),PV_by_month(M),,
前1个月,51,229,51,229,51,229,51,0
前2个月,84,434,33,205,40,204,91,8
前3个月,116,656,32,222,41,221,133,17
前4个月,147,869,31,213,41,212,173,26
前5个月,179,1090,32,221,42,218,215,36
前6个月,205,1283,26,193,37,195,253,47
前7个月,233,1484,28,200,39,201,291,58
前8个月,259,1650,25,167,35,167,326,68
前9个月,285,1831,27,181,37,185,364,78
前10个月,313,2026,28,195,38,190,402,89
前11个月,340,2183,27,157,36,165,438,98
前12个月,369,2345,29,163,38,165,476,107
前13个月,390,2490,21,144,30,141,506,116
,,,,,,,,
,,,,,,,,
,,,,,,,,
,,,,,,,,
,,,,,,,,
,,,,,,,,
,,,,,,,,
,,,,,,,,
,,,,,,,,
,,,,,,,,
,,,,,,,,
,,,,,,,,
,,,,,,,,
,,,,,,,,
,,,,,,,,
,,,,,,,,
,,,,,,,,
,,,,,,,,
,,,,,,,,
,,,,,,,,
,,,,,,,,
,,,,,,,,
,,,,,,,,
